single     loss       acc        dice
043015 : [ 0.003592 , 0.994331 , 0.8222 ]
051215 : [ 0.004161 , 0.996037 , 0.8976 ]
061715 : [ 0.011096 , 0.994767 , 0.8850 ]
062515 : [ 0.005572 , 0.993759 , 0.8785 ]
081315 : [ 0.004802 , 0.994878 , 0.8072 ]
083115 : [ 0.002698 , 0.997266 , 0.9158 ]
110214 : [ 0.003137 , 0.996475 , 0.8822 ]
112614 : [ 0.007107 , 0.993972 , 0.8632 ]
122115 : [ 0.022875 , 0.991782 , 0.7568 ]
122215 : [ 0.006763 , 0.995930 , 0.8559 ]

left out   loss       acc        dice
043015 : [ 0.003263 , 0.989954 , 0.6843 ]
051215 : [ 0.004622 , 0.986756 , 0.7441 ]
061715 : [ 0.014478 , 0.948681 , 0.4175 ]
062515 : [ 0.015178 , 0.992126 , 0.8269 ]
081315 : [ 0.003443 , 0.991354 , 0.7463 ]
083115 : [ 0.002599 , 0.994734 , 0.7944 ]
110214 : [ 0.002223 , 0.997659 , 0.8416 ]
112614 : [ 0.004888 , 0.983883 , 0.7129 ]
122115 : [ 0.004332 , 0.992001 , 0.8123 ]
122215 : [ 0.020402 , 0.985250 , 0.5628 ]
