left out     loss                    acc                  dice
043015   : [ 0.002611458553777387  , 0.966651201248169  , 0.3145444095134735  ]
051215   : [ 0.007461094142248233  , 0.9786405563354492 , 0.5216179887453715  ]
061715   : [ 0.007829907602475336  , 0.9780072371164957 , 0.5499780078728994  ]
062515   : [ 0.0012052808209167172 , 0.9697271188100179 , 0.5219863454500834  ]
081315   : [ 0.0026423397939652205 , 0.9610586166381836 , 0.4190113693475723  ]
083115   : [ 0.004338218209644158  , 0.9641679922739664 , 0.20501060535510382 ]
110214   : [ 0.002270699944347143  , 0.9631265004475912 , 0.2917078087727229  ]
112614   : [ 0.02439389703795314   , 0.9549471537272135 , 0.18960303316513696 ]
122115   : [ 0.0018205369706265628 , 0.9585776329040527 , 0.3915957262118657  ]
122215   : [ 0.0023529210642057783 , 0.959633986155192  , 0.23824268827835718 ]

single       loss                      acc                  dice
043015   : [ 0.007414788752794266    , 0.9954699516296387 , 0.7460119724273682 ]
051215   : [ 0.0202743599191308      , 0.9902955055236816 , 0.7479651212692261 ]
061715   : [ 0.0024388874880969524   , 0.9916083335876464 , 0.8177637934684754 ]
062515   : [ 0.0018979832238983363   , 0.9905094146728516 , 0.7917442083358764 ]
081315   : [ -0.000989876757375896   , 0.9881748199462891 , 0.7641981482505799 ]
083115   : [ -0.00015882869483903052 , 0.9922409057617188 , 0.6104341268539428 ]
110214   : [ 0.0011812265263870358   , 0.9915576934814453 , 0.6447957396507263 ]
112614   : [ 0.03424060568213463     , 0.988838005065918  , 0.6150700271129608 ]
122115   : [ 0.01011591375572607     , 0.9901155471801758 , 0.7271056532859802 ]
122215   : [ 0.0022111581871286034   , 0.9943296432495117 , 0.7633018970489502 ]
